30 30 15
-959 17467 5334 25500 18169 14724 10478 28358 25962 23464 4705 27145 22281 15827 8961 -509 1995 10942 3827 4436 31391 13604 2902 -847 -708 11382 16421 17716 18718 18895
4447 20726 13771 10538 869 18912 24667 25299 16035 8894 27703 22811 30322 29333 16673 3664 14141 6711 27253 5868 24547 26644 31662 31757 19037 11859 7723 8741 26529 -222
11316 2035 21190 842 -712 29106 8040 7942 18264 21648 26446 22805 14890 5729 23370 14350 14006 30101 23393 2548 18629 11623 23084 18954 17756 10840 3966 6376 12931 25308
15944 31439 23626 10323 4537 20538 15118 1082 21929 15541 3833 30115 3639 28658 21704 8930 12977 1306 30673 21386 4021 27745 25924 18072 5270 4829 25777 14573 4097 15512
22986 12290 8161 17636 21355 23767 22655 14574 3031 11052 26350 150 15941 20724 12966 2430 30107 29191 17007 10337 14457 11287 26753 9383 13945 7909 31209 8758 23221 17588
5422 23946 26506 12030 15413 28168 -100 31591 17762 655 16410 5359 26624 19537 20548 5483 26595 3041 2602 23350 9291 29836 8374 10020 3596 23021 26348 22199 18668 23484
7281 3734 -947 999 25418 26938 5900 2788 17127 -533 2728 13893 23648 21483 16807 1421 13310 5617 21813 8514 13309 6616 17935 16451 19600 4249 15519 30556 21798 29303
5224 10008 4844 31609 13989 31702 2195 19485 2093 13343 29523 587 28314 8503 6448 24200 12458 5618 19580 18796 13798 14281 18589 19798 27009 26157 19472 22622 17538 11292
5038 23179 17190 28657 6958 5191 18815 21888 18156 10511 15202 1634 23272 19055 19328 21646 25362 3886 17875 27433 28869 19142 22844 416 20881 30998 9322 17651 9021 4699
2557 27476 26892 23389 4075 9712 1600 1510 20003 25869 16861 13688 12401 8789 14255 15423 4002 9585 23182 9285 26088 30426 27617 22757 8832 29932 3169 1154 24721 16189
18976 30329 1368 27692 20425 9555 2434 15549 6441 8512 29145 17060 20718 2753 15139 11423 15279 24996 15687 11529 21549 16437 18866 11949 -807 22195 2297 19416 27286 15105
23488 15282 11455 24734 17114 10701 30316 19671 4786 11263 3313 23355 30185 19053 -88 9808 832 19945 3313 26756 27321 18558 22646 26982 -519 3144 22196 19222 6129 1161
4535 19450 10173 9466 11044 20659 25292 25439 16253 19024 25154 28510 3745 19649 12186 7313 3474 27022 1168 13018 17787 8905 16958 6391 9202 2625 25477 3414 8314 24824
28334 24874 23372 19159 10833 27070 6487 27297 6518 7177 16773 31270 763 1668 16192 12985 2102 7480 28213 6627 3802 3099 29527 1625 543 924 10023 28972 12061 13181
30003 26432 16505 26593 21725 12031 7492 -858 16222 30286 12064 6900 18187 7360 21413 29974 13270 28170 -765 29833 18711 24760 17896 3667 6285 11550 -860 12694 1695 20624
27019 1125 25576 20694 21658 25302 16371 21466 3678 21593 22851 24484 18 27464 20119 22152 1800 17087 30060 926 8010 3757 31170 19315 8576 29227 11043 21758 6164 4109
6882 16086 28565 2487 28577 13474 1625 24627 4629 30928 24423 27520 5902 13962 -877 23596 2737 12261 9195 31525 264 7260 5202 7116 4030 19326 28011 29771 5411 24547
20153 20520 28790 13924 29188 20763 3940 19851 17662 12829 29900 16713 17958 16578 7365 12007 10477 200 25058 5439 1303 11760 18357 1324 5477 4108 20113 13887 18801 21850
13460 21428 11993 26384 18405 5540 30111 27704 11835 31356 5072 28350 17823 13485 19556 22216 626 8357 7526 12357 28337 22271 22869 28361 11896 12022 28617 9112 11717 17696
10585 23041 23423 23129 23229 3565 5559 7932 21296 28855 11053 15962 2584 28734 5654 15972 20457 13369 21532 1963 1607 1483 -89 10635 9067 21848 3675 11938 1223 21142
22754 5511 21741 19175 20459 16825 2221 16870 626 30934 14205 30783 22850 16398 21279 21701 11193 11734 637 25534 4556 993 9176 24705 5962 9548 14881 -700 13413 15641
18855 23855 12142 10462 26611 29877 19424 31678 752 17443 27296 11673 9040 8313 -125 19072 11818 -390 17 13932 27112 29695 12169 22831 19040 25488 27685 18090 18497 1589
24990 14145 18353 18314 17651 25740 21044 10258 -665 7759 10192 6605 24264 11181 27503 2829 22775 19608 28292 4997 16549 28556 24561 30627 5467 28541 25129 30240 26813 28174
19601 5077 19215 7683 7213 22992 24824 4601 22392 14759 1670 25428 27027 3084 9075 17786 14498 23970 5287 22847 31604 -497 20221 21663 4706 1363 8010 21171 26489 17240
11164 24542 6619 19913 6591 5704 30818 8232 -250 24205 3975 539 -697 10422 20098 10247 12584 12648 1971 16864 21913 10075 20545 27712 16546 17678 769 14262 7519 12985
27289 14944 1865 17540 22245 24508 27318 26870 8601 27323 20132 23472 26152 24087 27570 28763 28901 16103 13423 2527 10600 25969 13015 4565 -972 20543 24347 1088 1943 11637
21409 25463 4049 3681 588 10342 -392 31060 20221 758 28954 19888 13146 -310 6949 11843 20430 24620 -252 26067 3536 19783 17035 31226 14185 6038 8853 24629 10224 14748
18923 2359 31257 23766 3944 13955 22318 31726 24411 20025 19355 30001 21549 8496 17584 8515 16964 22342 7075 16913 15142 30196 20948 24072 19426 13606 25173 23429 31404 5705
19626 28812 18375 29093 15565 15036 13736 28141 29814 4994 7256 5652 22936 29838 19482 355 20015 131 17230 16841 13625 1011 31637 3186 18690 650 4662 20634 9893 9353
20416 12452 13008 6262 21233 4454 15303 15634 25303 13256 -852 10124 11317 3213 26109 23028 28200 20080 20318 15858 23050 23155 30361 14264 10903 2676 28643 25909 13902 2561
